    vec3(0.675,0.863,0.918),
    vec3(0.424,0.663,0.894),
    vec3(0.192,0.451,0.831),
    vec3(0.137,0.384,0.796),
    vec3(0.086,0.314,0.753),
    vec3(0.047,0.247,0.706),
    vec3(0.016,0.188,0.651),
    vec3(0.004,0.137,0.592),
    vec3(0.0,0.102,0.545),
    vec3(0.004,0.075,0.502),
    vec3(0.016,0.051,0.459),
    vec3(0.031,0.031,0.408),
    vec3(0.051,0.012,0.361),
    vec3(0.082,0.012,0.31),
    vec3(0.114,0.012,0.267),
    vec3(0.157,0.012,0.227),
    vec3(0.204,0.02,0.188),
    vec3(0.267,0.047,0.153),
    vec3(0.345,0.086,0.122),
    vec3(0.431,0.133,0.086),
    vec3(0.518,0.184,0.063),
    vec3(0.604,0.243,0.035),
    vec3(0.686,0.298,0.016),
    vec3(0.753,0.357,0.004),
    vec3(0.808,0.404,0.0),
    vec3(0.851,0.459,0.008),
    vec3(0.882,0.518,0.02),
    vec3(0.91,0.573,0.043),
    vec3(0.933,0.631,0.071),
    vec3(0.949,0.686,0.098),
    vec3(0.969,0.733,0.122),
    vec3(0.976,0.776,0.141),
